72.63644098798
72.64584977713622
72.64522304955187
74.04920794031801
74.10784933554703
75.28449621452154
75.49251698425763
72.83623823295244
75.05927415639758
75.04030082937072
78.11647708525766
77.66216651312232
78.57203280359136
77.67884184905847
77.1194819421213
84.48753595935796
84.69384740101617
84.77116905123512
86.83852672691603
89.25693838829017
89.13532470072084
89.43668068348177
89.72318313148753
89.1602077337393
81.20997090749546
83.2592648980592
85.97959201748694
86.30555043508645
90.66765200865888
91.05087002781363
89.2056127977446
89.16714293750454
90.5058631714171
91.42084148337642
92.58548831367995
94.25559057383725
97.63378238411167
86.45661601199726
74.21651876062157
74.76674467989744
79.67330789487323
79.82910514479886
78.96299732986773
77.65608877377434
75.7560245808744
75.85418330618171
74.15863766095231
74.53071755290028
71.63144123146361
73.90984183668036
74.90110480548981
75.8833213313901
79.03729265435925
79.9224819082649
79.99424026734994
79.87913723413135
84.70695194392636
81.93028305575967
81.17981503675213
82.48716715723299
81.5866450757436
81.70643786087072
76.87591753612105
76.61993237824021
76.90732681405916
77.20894084271822
78.4257017222962
78.36284687343147
78.33596000573715
78.49132971076989
78.14062678209683
79.23030059457716
80.59588375030711
80.64915117243396
80.62790365287083
83.45279198077702
83.27970123527791
83.58449381959178
83.11885275799438
83.40423545813775
85.03291779886712
84.69074350041183
85.15973269267988
82.86928452426099
84.79363812758311
85.73616528620653
86.92237272458738
89.96608367164424
86.76915218772206
98.45764549699749
97.1415683859081
97.35134203039684
103.23163840688142
