61.10925015893764
61.11207904919024
61.11710115461216
62.550185660657746
62.62064323838564
63.73122685872863
63.96431750804584
61.0405014864034
62.949256166170414
63.19732492885021
66.00358078341083
65.51014477599392
66.43508335323986
65.20753771673685
64.60478719898708
72.15889099825688
72.3396508459017
72.20710545139946
74.48737097051708
76.56528905312825
76.31824333486452
76.20512248306903
76.17865205630238
75.8580829567191
67.26878340564076
68.8001283453055
70.81871360753826
70.87620403608116
79.05201786915887
76.08220021927582
73.6079661011106
73.17149584773085
73.7495384670836
74.38508428895256
75.13317943190924
76.65033378185268
77.34188310303944
69.6622510083044
59.830149271240316
59.8785070873534
63.616612252231164
63.89341530000797
62.8479293263415
62.033684701200514
60.57220545005265
60.65643328419196
58.57731844986375
58.86346896487373
55.70456918084244
56.42780949879909
58.44183206204565
59.222823278645706
61.091066201104184
62.41501366976871
62.497068539716395
62.302242997458166
66.36181750238626
62.97232142969057
62.00547154907008
62.718275802636015
61.609978833393825
61.70431796247931
58.40331962652368
58.08424910991437
58.35354020092683
58.58409717037489
59.41781193901926
59.203618267992
58.807670645906626
58.93134716747278
58.32533729020486
59.485706853385636
60.327276802806296
59.94306638238021
59.8791604329283
63.99918465636358
63.29253969972564
63.452962959732986
62.88595900997552
62.98095768934917
64.76428584667343
64.58057819437681
65.33017548691345
64.55141233400326
66.11856117686682
66.97305978014225
67.41481630784853
71.73967090262329
68.84489963316474
77.15852013692285
73.71811168901598
73.97728622289299
80.17600913150619
